n_hidden: 1 Dropout: 0.1,85.18447464609544,86.26613017225712,86.87675437710777,87.27382418869524,87.24757163916881,87.45658232193703,87.6496900179729,87.40710636321411,87.3972616571417,87.35409640743956
n_hidden: 3 Dropout: 0.1,85.91601203578423,86.98151214685272,87.71002039621155,88.00763343363154,88.25097437347281,88.27243078414347,88.32468345483552,88.2532462287203,88.1383913245421,88.08058522991176
