n_hidden: 1 Dropout: 0.1,76.97841726618705,79.85611510791367,84.89208633093526,78.41726618705036,81.29496402877699,81.29496402877699,78.41726618705036,79.13669064748201,76.2589928057554,79.85611510791367
n_hidden: 3 Dropout: 0.1,81.29496402877699,77.6978417266187,81.29496402877699,79.85611510791367,84.89208633093526,85.61151079136691,79.85611510791367,76.97841726618705,79.13669064748201,77.6978417266187
