n_hidden: 1 Dropout: 0.1,85.18793498792893,86.26902835439458,86.87788518844005,87.27739224420942,87.25011869046537,87.45921593583644,87.65341373981029,87.41047708516419,87.40189096639293,87.35744517510632
n_hidden: 3 Dropout: 0.1,85.91876521510753,86.98546420598603,87.71301150539915,88.0115053991535,88.25292685636938,88.27413962039253,88.32818166207058,88.2584825802802,88.14256997686799,88.08575007323455
