n_hidden: 1 Dropout: 0.1,84.93792741194177,86.24352253098579,86.7786397567603,87.24330030202935,87.36123316868188,87.45366021192561,87.53800620220815,87.41047708516419,87.36451609644736,87.2160267482853
n_hidden: 3 Dropout: 0.1,87.30592846247866,88.51101548531773,88.86329888784509,88.88249138862794,89.02416234835398,89.04057698718142,89.07820439003203,89.0067375779064,88.91380546885259,88.84360132125217
